Austria,47 20 N,13 20 E,83871,8754413,417.2,1999,
Belgium,50 50 N,4 00 E,30528,11491346,509.5,1999,
Bulgaria,43 00 N,25 00 E,110879,7101510,144.6,2007,
Croatia,45 10 N,15 30 E,56594,4292095,95.06,2013,
Cyprus,35 00 N,33 00 E,9251,1221549,29.67,2004,
Czech Republic,49 45 N,15 30 E,78867,10674723,350.7,2004,
Denmark,56 00 N,10 00 E,43094,5605948,273.9,1999,
Estonia,59 00 N,26 00 E,45228,1251581,38.45,2004,
Finland,64 00 N,26 00 E,338145,5518371,231.4,1995,
France,46 00 N,2 00 E,643801,62814233,2734,1999,
Germany,51 00 N,9 00 E,357,80594017,3980,1999,
Greece,39 00 N,22 00 E,131957,10768477,289.4,1981,
Hungary,47 00 N,20 00 E,93028,9850845,270.3,2004,
Ireland,53 00 N,8 00 W,70273,5011102,324.9,1999,
Italy,42 50 N,12 50 E,301340,62137802,2235,1999,
Latvia,57 00 N,25 00 E,64589,1944643,50.62,2004,
Lithuania,56 00 N,24 00 E,65300,2823859,86.05,2004,
Luxembourg,49 45 N,6 10 E,2586,594130,59.93,1999,
Malta,35 50 N,14 35 E,316,416338,17.3,1999,
Netherlands,52 30 N,5 45 E,41543,17084719,869.4,1999,
Poland,52 00 N,20 00 E,312685,38476269,1054,2004,
Portugal,39 30 N,8 00 W,92090,10839514,298.7,1999,
Romania,46 00 N,25 00 E,238391,21529967,441.6,2007,
Slovakia,48 40 N,19 30 E,49035,5445829,170.1,2004,
Slovenia,46 07 N,14 49 E,20273,1972126,66.23,2004,
Spain,40 00 N,4 00 W,505370,48958159,1687,1986,
Sweden,62 00 N,15 00 E,450295,9960487,498.1,1995,
United Kingdom,54 00 N,2 00 W,243610,64769452,2786,1973